

t[s]          U1[V]         U2            U3            U4            U5            U6            T             B1            B2            B3            B4            B5            B6            Avg           Stdev

 10            3.334         3.342         3.349         3.192         3.339         3.277         23.1          0             0             1             0             0             0            3.306         2.507E-02
 20            3.495         3.477         3.475         3.382         3.474         3.463         23.1          1             0             0             0             0             0            3.461         1.635E-02
 30            3.503         3.486         3.489         3.401         3.482         3.48          23.1          1             0             0             0             0             0            3.474         1.487E-02
 40            3.509         3.494         3.497         3.417         3.491         3.494         23.1          1             0             0             0             0             0            3.484         1.358E-02
 50            3.514         3.5           3.503         3.428         3.497         3.507         23.1          1             0             0             0             0             0            3.492         1.293E-02
 60            3.52          3.503         3.509         3.439         3.5           3.516         23.2          1             0             0             0             0             0            3.498         1.216E-02
 70            3.523         3.509         3.512         3.45          3.506         3.527         23.3          0             0             0             0             0             1            3.505         1.140E-02
 80            3.526         3.512         3.517         3.46          3.509         3.532         23.3          0             0             0             0             0             1            3.509         1.047E-02
 90            3.528         3.515         3.52          3.468         3.512         3.538         23.3          0             0             0             0             0             1            3.514         9.878E-03
 100           3.531         3.515         3.523         3.476         3.515         3.543         23.4          0             0             0             0             0             1            3.517         9.304E-03
 110           3.534         3.521         3.529         3.484         3.521         3.549         23.5          0             0             0             0             0             1            3.523         8.873E-03
 120           3.537         3.524         3.531         3.49          3.524         3.552         23.5          0             0             0             0             0             1            3.526         8.417E-03
 130           3.537         3.524         3.534         3.492         3.524         3.554         23.5          0             0             0             0             0             1            3.528         8.405E-03
 140           3.537         3.526         3.534         3.495         3.527         3.554         23.5          0             0             0             0             0             1            3.529         7.922E-03
 150           3.539         3.529         3.537         3.495         3.53          3.554         23.6          0             0             0             0             0             1            3.531         8.019E-03
 160           3.542         3.529         3.54          3.498         3.53          3.557         23.6          0             0             0             0             0             1            3.533         8.073E-03
 170           3.542         3.532         3.54          3.498         3.533         3.557         23.7          0             0             0             0             0             1            3.534         8.019E-03
 180           3.545         3.535         3.543         3.501         3.536         3.557         23.7          0             0             0             0             0             1            3.536         7.739E-03
 190           3.545         3.538         3.546         3.501         3.541         3.562         23.8          0             0             0             0             0             1            3.539         8.292E-03
 200           3.55          3.541         3.548         3.503         3.541         3.562         23.8          0             0             0             0             0             1            3.541         8.195E-03
 210           3.551         3.544         3.549         3.503         3.542         3.56          23.9          0             0             0             0             0             1            3.542         8.119E-03
 220           3.553         3.547         3.554         3.503         3.544         3.562         24            0             0             0             0             0             1            3.544         8.553E-03
 230           3.554         3.544         3.551         3.503         3.547         3.56          24            0             0             0             0             0             1            3.543         8.348E-03
 240           3.556         3.547         3.554         3.503         3.548         3.56          24            0             0             0             0             0             1            3.545         8.570E-03
 250           3.556         3.547         3.554         3.503         3.548         3.56          24.1          0             0             0             0             0             1            3.545         8.570E-03
 260           3.562         3.553         3.557         3.506         3.55          3.562         24.1          1             0             0             0             0             0            3.548         8.690E-03
 270           3.562         3.556         3.56          3.506         3.551         3.563         24.2          0             0             0             0             0             1            3.550         8.917E-03
 280           3.562         3.556         3.56          3.506         3.553         3.565         24.2          0             0             0             0             0             1            3.550         9.036E-03
 290           3.567         3.558         3.565         3.506         3.556         3.562         24.3          1             0             0             0             0             0            3.552         9.419E-03
 300           3.567         3.558         3.565         3.506         3.556         3.565         24.3          1             0             0             0             0             0            3.553         9.534E-03
 310           3.57          3.561         3.568         3.506         3.559         3.565         24.4          1             0             0             0             0             0            3.555         9.911E-03
 320           3.57          3.561         3.568         3.508         3.559         3.565         24.4          1             0             0             0             0             0            3.555         9.583E-03
 330           3.573         3.564         3.571         3.508         3.562         3.565         24.5          1             0             0             0             0             0            3.557         9.985E-03
 340           3.576         3.564         3.571         3.508         3.562         3.565         24.5          1             0             0             0             0             0            3.558         1.015E-02
 350           3.578         3.57          3.574         3.511         3.565         3.568         24.6          1             0             0             0             0             0            3.561         1.017E-02
 360           3.578         3.57          3.577         3.511         3.568         3.568         24.6          1             0             0             0             0             0            3.562         1.036E-02
 370           3.581         3.57          3.577         3.511         3.568         3.571         24.7          1             0             0             0             0             0            3.563         1.059E-02
 380           3.581         3.573         3.577         3.511         3.571         3.571         24.8          1             0             0             0             0             0            3.564         1.072E-02
 390           3.581         3.573         3.579         3.514         3.571         3.571         24.8          1             0             0             0             0             0            3.565         1.031E-02
 400           3.584         3.573         3.579         3.514         3.571         3.571         24.8          1             0             0             0             0             0            3.565         1.048E-02
 410           3.587         3.575         3.582         3.516         3.576         3.571         24.9          1             0             0             0             0             0            3.568         1.062E-02
 420           3.587         3.578         3.582         3.516         3.576         3.573         25            1             0             0             0             0             0            3.569         1.072E-02
 430           3.587         3.578         3.582         3.516         3.579         3.573         25            1             0             0             0             0             0            3.569         1.080E-02
 440           3.589         3.578         3.585         3.516         3.579         3.578         25            1             0             0             0             0             0            3.571         1.112E-02
 450           3.592         3.581         3.587         3.519         3.582         3.578         25.1          1             0             0             0             0             0            3.573         1.102E-02
 460           3.592         3.581         3.587         3.522         3.585         3.578         25.1          1             0             0             0             0             0            3.574         1.062E-02
 470           3.595         3.584         3.587         3.522         3.585         3.578         25.1          1             0             0             0             0             0            3.575         1.087E-02
 480           3.595         3.584         3.587         3.522         3.585         3.581         25.2          1             0             0             0             0             0            3.576         1.090E-02
 490           3.597         3.586         3.59          3.524         3.591         3.584         25.2          1             0             0             0             0             0            3.579         1.109E-02
 500           3.6           3.586         3.59          3.527         3.591         3.584         25.3          1             0             0             0             0             0            3.580         1.077E-02
 510           3.6           3.589         3.592         3.527         3.593         3.586         25.3          1             0             0             0             0             0            3.581         1.100E-02
 520           3.6           3.589         3.592         3.527         3.593         3.586         25.4          1             0             0             0             0             0            3.581         1.100E-02
 530           3.6           3.589         3.592         3.527         3.593         3.586         25.5          1             0             0             0             0             0            3.581         1.100E-02
 540           3.603         3.589         3.592         3.529         3.593         3.592         25.5          1             0             0             0             0             0            3.583         1.098E-02
 550           3.605         3.592         3.595         3.532         3.599         3.592         25.5          1             0             0             0             0             0            3.586         1.095E-02
 560           3.605         3.592         3.595         3.532         3.599         3.592         25.6          1             0             0             0             0             0            3.586         1.095E-02
 570           3.605         3.594         3.595         3.534         3.601         3.594         25.6          1             0             0             0             0             0            3.587         1.079E-02
 580           3.608         3.597         3.6           3.534         3.601         3.597         25.6          1             0             0             0             0             0            3.590         1.122E-02
 590           3.608         3.594         3.598         3.534         3.601         3.597         25.7          1             0             0             0             0             0            3.589         1.110E-02
 600           3.611         3.594         3.598         3.534         3.601         3.597         25.8          1             0             0             0             0             0            3.589         1.129E-02
 610           3.61          3.597         3.6           3.537         3.604         3.6           25.8          1             0             0             0             0             0            3.591         1.102E-02
 620           3.613         3.597         3.6           3.537         3.607         3.6           25.8          1             0             0             0             0             0            3.592         1.132E-02
 630           3.613         3.6           3.603         3.54          3.607         3.6           25.9          1             0             0             0             0             0            3.594         1.095E-02
 640           3.613         3.6           3.603         3.54          3.607         3.603         25.9          1             0             0             0             0             0            3.594         1.102E-02
 650           3.613         3.602         3.606         3.542         3.607         3.605         26            1             0             0             0             0             0            3.596         1.087E-02
 660           3.619         3.6           3.606         3.542         3.612         3.605         26            1             0             0             0             0             0            3.597         1.138E-02
 670           3.619         3.602         3.606         3.542         3.612         3.608         26.1          1             0             0             0             0             0            3.598         1.148E-02
 680           3.619         3.602         3.606         3.542         3.612         3.608         26.1          1             0             0             0             0             0            3.598         1.148E-02
 690           3.619         3.602         3.606         3.545         3.612         3.608         26.1          1             0             0             0             0             0            3.599         1.099E-02
 700           3.619         3.602         3.606         3.545         3.612         3.608         26.2          1             0             0             0             0             0            3.599         1.099E-02
 710           3.621         3.605         3.606         3.545         3.612         3.611         26.2          1             0             0             0             0             0            3.600         1.124E-02
 720           3.621         3.608         3.608         3.548         3.618         3.613         26.3          1             0             0             0             0             0            3.603         1.114E-02
 730           3.624         3.608         3.608         3.55          3.618         3.613         26.3          1             0             0             0             0             0            3.604         1.099E-02
 740           3.621         3.605         3.608         3.55          3.618         3.613         26.3          1             0             0             0             0             0            3.603         1.078E-02
 750           3.624         3.608         3.611         3.553         3.618         3.616         26.4          1             0             0             0             0             0            3.605         1.065E-02
 760           3.627         3.611         3.611         3.553         3.618         3.616         26.4          1             0             0             0             0             0            3.606         1.087E-02
 770           3.627         3.611         3.611         3.553         3.621         3.619         26.5          1             0             0             0             0             0            3.607         1.109E-02
 780           3.627         3.611         3.614         3.556         3.621         3.619         26.5          1             0             0             0             0             0            3.608         1.065E-02
 790           3.627         3.613         3.616         3.556         3.621         3.624         26.5          1             0             0             0             0             0            3.610         1.090E-02
 800           3.632         3.613         3.616         3.558         3.627         3.624         26.6          1             0             0             0             0             0            3.612         1.111E-02
 810           3.632         3.613         3.616         3.561         3.627         3.627         26.6          1             0             0             0             0             0            3.613         1.075E-02
 820           3.632         3.616         3.616         3.561         3.627         3.627         26.6          1             0             0             0             0             0            3.613         1.076E-02
 830           3.632         3.616         3.616         3.561         3.627         3.627         26.6          1             0             0             0             0             0            3.613         1.076E-02
 840           3.632         3.616         3.619         3.564         3.627         3.63          26.7          1             0             0             0             0             0            3.615         1.045E-02
 850           3.632         3.616         3.619         3.564         3.627         3.63          26.8          1             0             0             0             0             0            3.615         1.045E-02
 860           3.635         3.616         3.619         3.566         3.63          3.632         26.8          1             0             0             0             0             0            3.616         1.052E-02
 870           3.635         3.619         3.619         3.566         3.63          3.635         26.8          1             0             0             0             0             0            3.617         1.069E-02
 880           3.638         3.619         3.622         3.569         3.63          3.635         26.9          1             0             0             0             0             0            3.619         1.040E-02
 890           3.638         3.619         3.622         3.569         3.632         3.638         26.9          1             0             0             0             0             0            3.620         1.064E-02
 900           3.638         3.619         3.622         3.572         3.632         3.638         27            1             0             0             0             0             0            3.620         1.017E-02
 910           3.638         3.622         3.622         3.572         3.632         3.638         27            1             0             0             0             0             0            3.621         1.017E-02
 920           3.638         3.622         3.625         3.572         3.632         3.641         27            0             0             0             0             0             1            3.622         1.037E-02
 930           3.641         3.622         3.625         3.574         3.635         3.641         27.1          1             0             0             0             0             0            3.623         1.032E-02
 940           3.641         3.622         3.625         3.574         3.635         3.644         27.1          0             0             0             0             0             1            3.624         1.051E-02
 950           3.641         3.622         3.625         3.577         3.635         3.644         27.1          0             0             0             0             0             1            3.624         1.004E-02
 960           3.641         3.625         3.628         3.577         3.635         3.644         27.1          0             0             0             0             0             1            3.625         1.005E-02
 970           3.641         3.625         3.63          3.577         3.641         3.649         27.2          0             0             0             0             0             1            3.627         1.063E-02
 980           3.643         3.625         3.63          3.582         3.641         3.649         27.2          0             0             0             0             0             1            3.628         9.939E-03
 990           3.646         3.625         3.628         3.582         3.638         3.649         27.3          0             0             0             0             0             1            3.628         9.983E-03
 1000          3.643         3.628         3.631         3.582         3.641         3.649         27.3          0             0             0             0             0             1            3.629         9.923E-03
 1010          3.643         3.628         3.631         3.582         3.641         3.652         27.3          0             0             0             0             0             1            3.630         1.013E-02
 1020          3.646         3.631         3.634         3.582         3.641         3.652         27.3          0             0             0             0             0             1            3.631         1.029E-02
 1030          3.646         3.631         3.634         3.585         3.641         3.655         27.4          0             0             0             0             0             1            3.632         1.003E-02
 1040          3.649         3.631         3.634         3.585         3.641         3.655         27.5          0             0             0             0             0             1            3.633         1.018E-02
 1050          3.649         3.634         3.636         3.585         3.644         3.655         27.5          0             0             0             0             0             1            3.634         1.028E-02
 1060          3.649         3.634         3.636         3.588         3.644         3.655         27.5          0             0             0             0             0             1            3.634         9.807E-03
 1070          3.652         3.637         3.636         3.588         3.644         3.655         27.6          0             0             0             0             0             1            3.635         9.972E-03
 1080          3.652         3.637         3.636         3.588         3.644         3.657         27.6          0             0             0             0             0             1            3.636         1.011E-02
 1090          3.652         3.637         3.639         3.588         3.644         3.657         27.6          0             0             0             0             0             1            3.636         1.012E-02
 1100          3.655         3.64          3.639         3.588         3.644         3.657         27.6          0             0             0             0             0             1            3.637         1.031E-02
 1110          3.655         3.64          3.642         3.59          3.647         3.657         27.6          0             0             0             0             0             1            3.639         1.009E-02
 1120          3.658         3.643         3.642         3.59          3.647         3.657         27.6          1             0             0             0             0             0            3.640         1.029E-02
 1130          3.655         3.643         3.64          3.588         3.647         3.657         27.7          0             0             0             0             0             1            3.638         1.042E-02
 1140          3.655         3.64          3.642         3.588         3.645         3.658         27.8          0             0             0             0             0             1            3.638         1.042E-02
 1150          3.658         3.643         3.642         3.591         3.645         3.658         27.8          1             0             0             0             0             0            3.640         1.014E-02
 1160          3.658         3.643         3.642         3.591         3.645         3.658         27.8          1             0             0             0             0             0            3.640         1.014E-02
 1170          3.661         3.646         3.645         3.591         3.648         3.658         27.8          1             0             0             0             0             0            3.642         1.045E-02
 1180          3.661         3.646         3.645         3.593         3.648         3.658         27.9          1             0             0             0             0             0            3.642         1.013E-02
 1190          3.663         3.649         3.648         3.593         3.648         3.66          27.9          1             0             0             0             0             0            3.644         1.045E-02
 1200          3.663         3.649         3.648         3.593         3.651         3.66          28            1             0             0             0             0             0            3.644         1.050E-02
 1210          3.666         3.649         3.648         3.596         3.651         3.66          28            1             0             0             0             0             0            3.645         1.021E-02
 1220          3.666         3.649         3.651         3.596         3.651         3.66          28            1             0             0             0             0             0            3.646         1.025E-02
 1230          3.666         3.649         3.651         3.596         3.651         3.66          28.1          1             0             0             0             0             0            3.646         1.025E-02
 1240          3.666         3.652         3.651         3.596         3.651         3.66          28.1          1             0             0             0             0             0            3.646         1.030E-02
 1250          3.669         3.652         3.651         3.596         3.651         3.66          28.1          1             0             0             0             0             0            3.647         1.050E-02
 1260          3.669         3.652         3.651         3.599         3.654         3.66          28.1          1             0             0             0             0             0            3.648         1.008E-02
 1270          3.669         3.652         3.654         3.599         3.654         3.663         28.1          1             0             0             0             0             0            3.649         1.025E-02
 1280          3.669         3.652         3.654         3.599         3.654         3.663         28.2          1             0             0             0             0             0            3.649         1.025E-02
 1290          3.672         3.654         3.656         3.601         3.656         3.666         28.2          1             0             0             0             0             0            3.651         1.037E-02
 1300          3.674         3.657         3.656         3.601         3.659         3.666         28.3          1             0             0             0             0             0            3.652         1.060E-02
 1310          3.674         3.657         3.659         3.604         3.659         3.668         28.3          1             0             0             0             0             0            3.654         1.025E-02
 1320          3.674         3.657         3.659         3.604         3.659         3.668         28.3          1             0             0             0             0             0            3.654         1.025E-02
 1330          3.674         3.657         3.659         3.604         3.659         3.668         28.3          1             0             0             0             0             0            3.654         1.025E-02
 1340          3.674         3.657         3.659         3.604         3.662         3.668         28.4          1             0             0             0             0             0            3.654         1.032E-02
 1350          3.674         3.657         3.659         3.604         3.662         3.671         28.5          1             0             0             0             0             0            3.655         1.047E-02
 1360          3.674         3.657         3.662         3.609         3.665         3.674         28.5          1             0             0             0             0             0            3.657         9.951E-03
 1370          3.677         3.66          3.665         3.609         3.668         3.674         28.5          1             0             0             0             0             0            3.659         1.027E-02
 1380          3.677         3.66          3.665         3.609         3.668         3.674         28.5          1             0             0             0             0             0            3.659         1.027E-02
 1390          3.677         3.66          3.665         3.609         3.668         3.677         28.6          1             0             0             0             0             0            3.659         1.043E-02
 1400          3.677         3.663         3.665         3.609         3.668         3.677         28.6          1             0             0             0             0             0            3.660         1.045E-02
 1410          3.68          3.665         3.665         3.612         3.671         3.677         28.6          1             0             0             0             0             0            3.662         1.024E-02
 1420          3.682         3.665         3.67          3.614         3.671         3.682         28.6          1             0             0             0             0             0            3.664         1.038E-02
 1430          3.682         3.665         3.67          3.614         3.676         3.682         28.7          1             0             0             0             0             0            3.665         1.053E-02
 1440          3.682         3.665         3.67          3.614         3.676         3.682         28.7          1             0             0             0             0             0            3.665         1.053E-02
 1450          3.682         3.668         3.67          3.617         3.676         3.685         28.8          0             0             0             0             0             1            3.666         1.023E-02
 1460          3.685         3.668         3.67          3.617         3.676         3.685         28.8          1             0             0             0             0             0            3.667         1.039E-02
 1470          3.685         3.668         3.67          3.617         3.679         3.685         28.9          1             0             0             0             0             0            3.667         1.049E-02
 1480          3.685         3.668         3.673         3.62          3.679         3.685         28.9          1             0             0             0             0             0            3.668         1.005E-02
 1490          3.685         3.671         3.673         3.62          3.679         3.687         28.9          0             0             0             0             0             1            3.669         1.017E-02
 1500          3.688         3.671         3.673         3.62          3.682         3.687         28.9          1             0             0             0             0             0            3.670         1.044E-02
 1510          3.688         3.671         3.676         3.62          3.682         3.687         29            1             0             0             0             0             0            3.671         1.047E-02
 1520          3.691         3.674         3.678         3.622         3.685         3.693         29            0             0             0             0             0             1            3.674         1.079E-02
 1530          3.691         3.674         3.678         3.625         3.685         3.69          29            1             0             0             0             0             0            3.674         1.014E-02
 1540          3.691         3.674         3.678         3.625         3.685         3.693         29.1          0             0             0             0             0             1            3.674         1.031E-02
 1550          3.693         3.676         3.681         3.628         3.688         3.695         29.1          0             0             0             0             0             1            3.677         1.020E-02
 1560          3.691         3.679         3.681         3.628         3.688         3.695         29.1          0             0             0             0             0             1            3.677         1.010E-02
 1570          3.693         3.679         3.681         3.628         3.691         3.695         29.2          0             0             0             0             0             1            3.678         1.032E-02
 1580          3.696         3.679         3.684         3.628         3.691         3.695         29.2          1             0             0             0             0             0            3.679         1.051E-02
 1590          3.696         3.679         3.684         3.628         3.691         3.698         29.3          0             0             0             0             0             1            3.679         1.068E-02
 1600          3.696         3.682         3.684         3.63          3.691         3.698         29.3          0             0             0             0             0             1            3.680         1.036E-02
 1610          3.699         3.682         3.687         3.63          3.694         3.701         29.3          0             0             0             0             0             1            3.682         1.084E-02
 1620          3.699         3.685         3.687         3.63          3.694         3.701         29.3          0             0             0             0             0             1            3.683         1.085E-02
 1630          3.702         3.685         3.69          3.633         3.694         3.701         29.4          1             0             0             0             0             0            3.684         1.057E-02
 1640          3.702         3.688         3.69          3.633         3.697         3.704         29.5          0             0             0             0             0             1            3.686         1.085E-02
 1650          3.699         3.686         3.687         3.633         3.694         3.701         29.5          0             0             0             0             0             1            3.683         1.037E-02
 1660          3.702         3.689         3.69          3.633         3.694         3.704         29.5          0             0             0             0             0             1            3.685         1.076E-02
 1670          3.702         3.689         3.69          3.633         3.697         3.704         29.5          0             0             0             0             0             1            3.686         1.085E-02
 1680          3.705         3.691         3.693         3.636         3.697         3.707         29.5          0             0             0             0             0             1            3.688         1.075E-02
 1690          3.705         3.691         3.693         3.636         3.697         3.707         29.6          0             0             0             0             0             1            3.688         1.075E-02
 1700          3.707         3.691         3.696         3.636         3.7           3.709         29.6          0             0             0             0             0             1            3.690         1.111E-02
 1710          3.707         3.694         3.696         3.638         3.7           3.709         29.6          0             0             0             0             0             1            3.691         1.081E-02
 1720          3.71          3.694         3.696         3.638         3.703         3.709         29.7          1             0             0             0             0             0            3.692         1.106E-02
 1730          3.708         3.697         3.698         3.638         3.7           3.707         29.7          1             0             0             0             0             0            3.691         1.083E-02
 1740          3.708         3.698         3.696         3.639         3.7           3.71          29.8          0             0             0             0             0             1            3.692         1.081E-02
 1750          3.711         3.698         3.699         3.639         3.7           3.707         29.8          1             0             0             0             0             0            3.692         1.087E-02
 1760          3.713         3.698         3.699         3.641         3.7           3.71          29.8          1             0             0             0             0             0            3.694         1.080E-02
 1770          3.713         3.701         3.702         3.641         3.703         3.71          29.8          1             0             0             0             0             0            3.695         1.098E-02
 1780          3.713         3.701         3.702         3.641         3.703         3.71          29.9          1             0             0             0             0             0            3.695         1.098E-02
 1790          3.716         3.704         3.702         3.641         3.703         3.71          29.9          1             0             0             0             0             0            3.696         1.121E-02
 1800          3.716         3.704         3.704         3.644         3.706         3.712         30            1             0             0             0             0             0            3.698         1.091E-02
 1810          3.719         3.704         3.704         3.644         3.706         3.712         30            1             0             0             0             0             0            3.698         1.109E-02
 1820          3.719         3.707         3.704         3.647         3.706         3.712         30            1             0             0             0             0             0            3.699         1.066E-02
 1830          3.719         3.707         3.707         3.647         3.709         3.712         30.1          1             0             0             0             0             0            3.700         1.079E-02
 1840          3.722         3.707         3.707         3.647         3.709         3.715         30.1          1             0             0             0             0             0            3.701         1.109E-02
 1850          3.722         3.707         3.707         3.649         3.709         3.715         30.1          1             0             0             0             0             0            3.702         1.076E-02
 1860          3.722         3.707         3.707         3.649         3.709         3.715         30.1          1             0             0             0             0             0            3.702         1.076E-02
 1870          3.722         3.709         3.71          3.649         3.712         3.715         30.1          1             0             0             0             0             0            3.703         1.093E-02
 1880          3.725         3.709         3.71          3.649         3.712         3.718         30.2          1             0             0             0             0             0            3.704         1.124E-02
 1890          3.725         3.709         3.71          3.652         3.712         3.718         30.3          1             0             0             0             0             0            3.704         1.075E-02
 1900          3.725         3.709         3.713         3.652         3.715         3.718         30.3          1             0             0             0             0             0            3.705         1.089E-02
 1910          3.725         3.709         3.713         3.652         3.715         3.721         30.3          1             0             0             0             0             0            3.706         1.102E-02
 1920          3.725         3.712         3.713         3.655         3.715         3.721         30.3          1             0             0             0             0             0            3.707         1.057E-02
 1930          3.73          3.715         3.716         3.657         3.721         3.723         30.4          1             0             0             0             0             0            3.710         1.089E-02
 1940          3.73          3.715         3.718         3.657         3.721         3.726         30.4          1             0             0             0             0             0            3.711         1.106E-02
 1950          3.73          3.715         3.718         3.66          3.724         3.726         30.5          1             0             0             0             0             0            3.712         1.067E-02
 1960          3.73          3.715         3.718         3.66          3.724         3.729         30.5          1             0             0             0             0             0            3.713         1.081E-02
 1970          3.73          3.715         3.718         3.66          3.724         3.729         30.5          1             0             0             0             0             0            3.713         1.081E-02
 1980          3.73          3.718         3.721         3.663         3.727         3.729         30.5          1             0             0             0             0             0            3.715         1.051E-02
 1990          3.733         3.721         3.724         3.665         3.729         3.731         30.6          1             0             0             0             0             0            3.717         1.059E-02
 2000          3.735         3.721         3.724         3.665         3.729         3.734         30.6          1             0             0             0             0             0            3.718         1.083E-02
 2010          3.735         3.721         3.727         3.668         3.732         3.734         30.6          1             0             0             0             0             0            3.720         1.052E-02
 2020          3.735         3.723         3.727         3.668         3.732         3.737         30.6          0             0             0             0             0             1            3.720         1.068E-02
 2030          3.735         3.723         3.727         3.668         3.732         3.737         30.7          0             0             0             0             0             1            3.720         1.068E-02
 2040          3.738         3.723         3.727         3.668         3.735         3.737         30.7          1             0             0             0             0             0            3.721         1.094E-02
 2050          3.738         3.723         3.73          3.671         3.735         3.74          30.7          0             0             0             0             0             1            3.723         1.066E-02
 2060          3.738         3.726         3.73          3.671         3.738         3.74          30.8          0             0             0             0             0             1            3.724         1.080E-02
 2070          3.738         3.726         3.732         3.673         3.738         3.743         30.8          0             0             0             0             0             1            3.725         1.067E-02
 2080          3.741         3.726         3.732         3.673         3.738         3.745         30.8          0             0             0             0             0             1            3.726         1.092E-02
 2090          3.741         3.729         3.732         3.673         3.741         3.745         30.9          0             0             0             0             0             1            3.727         1.105E-02
 2100          3.741         3.729         3.735         3.676         3.741         3.748         30.9          0             0             0             0             0             1            3.728         1.079E-02
 2110          3.741         3.732         3.735         3.676         3.744         3.748         31            0             0             0             0             0             1            3.729         1.093E-02
 2120          3.744         3.732         3.738         3.676         3.744         3.748         31            0             0             0             0             0             1            3.730         1.110E-02
 2130          3.744         3.732         3.738         3.679         3.744         3.751         31            0             0             0             0             0             1            3.731         1.079E-02
 2140          3.744         3.735         3.738         3.679         3.747         3.751         31.1          0             0             0             0             0             1            3.732         1.093E-02
 2150          3.747         3.735         3.741         3.679         3.747         3.751         31.1          0             0             0             0             0             1            3.733         1.110E-02
 2160          3.747         3.738         3.741         3.679         3.747         3.754         31.1          0             0             0             0             0             1            3.734         1.130E-02
 2170          3.749         3.738         3.744         3.681         3.75          3.754         31.1          0             0             0             0             0             1            3.736         1.123E-02
 2180          3.749         3.741         3.744         3.681         3.75          3.754         31.2          0             0             0             0             0             1            3.737         1.126E-02
 2190          3.752         3.741         3.747         3.684         3.75          3.756         31.2          0             0             0             0             0             1            3.738         1.106E-02
 2200          3.755         3.744         3.747         3.684         3.753         3.756         31.2          0             0             0             0             0             1            3.740         1.133E-02
 2210          3.755         3.747         3.75          3.684         3.753         3.756         31.3          0             0             0             0             0             1            3.741         1.145E-02
 2220          3.758         3.747         3.75          3.684         3.753         3.756         31.3          1             0             0             0             0             0            3.741         1.158E-02
 2230          3.758         3.75          3.752         3.687         3.753         3.756         31.3          1             0             0             0             0             0            3.743         1.119E-02
 2240          3.755         3.747         3.75          3.684         3.754         3.757         31.3          0             0             0             0             0             1            3.741         1.153E-02
 2250          3.758         3.75          3.753         3.684         3.754         3.757         31.3          1             0             0             0             0             0            3.743         1.179E-02
 2260          3.761         3.75          3.753         3.687         3.754         3.757         31.4          1             0             0             0             0             0            3.744         1.144E-02
 2270          3.761         3.753         3.756         3.687         3.757         3.757         31.5          1             0             0             0             0             0            3.745         1.168E-02
 2280          3.764         3.753         3.756         3.689         3.757         3.759         31.5          1             0             0             0             0             0            3.746         1.156E-02
 2290          3.764         3.756         3.758         3.689         3.757         3.759         31.5          1             0             0             0             0             0            3.747         1.169E-02
 2300          3.767         3.756         3.758         3.689         3.76          3.759         31.6          1             0             0             0             0             0            3.748         1.193E-02
 2310          3.767         3.756         3.761         3.689         3.76          3.759         31.6          1             0             0             0             0             0            3.749         1.202E-02
 2320          3.769         3.759         3.761         3.692         3.76          3.759         31.6          1             0             0             0             0             0            3.750         1.170E-02
 2330          3.769         3.759         3.764         3.692         3.763         3.762         31.6          1             0             0             0             0             0            3.752         1.197E-02
 2340          3.772         3.762         3.764         3.692         3.763         3.762         31.6          1             0             0             0             0             0            3.753         1.220E-02
 2350          3.772         3.762         3.767         3.695         3.766         3.762         31.7          1             0             0             0             0             0            3.754         1.190E-02
 2360          3.772         3.762         3.767         3.695         3.766         3.762         31.7          1             0             0             0             0             0            3.754         1.190E-02
 2370          3.775         3.765         3.77          3.698         3.769         3.765         31.8          1             0             0             0             0             0            3.757         1.190E-02
 2380          3.775         3.765         3.77          3.698         3.769         3.765         31.8          1             0             0             0             0             0            3.757         1.190E-02
 2390          3.775         3.765         3.77          3.698         3.769         3.765         31.8          1             0             0             0             0             0            3.757         1.190E-02
 2400          3.775         3.765         3.773         3.698         3.772         3.768         31.8          1             0             0             0             0             0            3.759         1.219E-02
 2410          3.778         3.768         3.773         3.7           3.772         3.768         31.8          1             0             0             0             0             0            3.760         1.206E-02
 2420          3.78          3.771         3.775         3.703         3.777         3.77          31.9          1             0             0             0             0             0            3.763         1.203E-02
 2430          3.78          3.771         3.778         3.703         3.777         3.77          31.9          1             0             0             0             0             0            3.763         1.214E-02
 2440          3.78          3.771         3.778         3.705         3.777         3.773         31.9          1             0             0             0             0             0            3.764         1.188E-02
 2450          3.78          3.771         3.778         3.705         3.78          3.773         31.9          1             0             0             0             0             0            3.765         1.200E-02
 2460          3.78          3.773         3.778         3.705         3.78          3.773         32            1             0             0             0             0             0            3.765         1.204E-02
 2470          3.783         3.776         3.784         3.708         3.783         3.778         32            0             0             1             0             0             0            3.769         1.220E-02
 2480          3.786         3.776         3.784         3.708         3.786         3.778         32            1             0             0             0             0             0            3.770         1.245E-02
 2490          3.786         3.779         3.786         3.711         3.786         3.778         32.1          1             0             0             0             0             0            3.771         1.209E-02
 2500          3.789         3.779         3.786         3.708         3.786         3.779         32.1          1             0             0             0             0             0            3.771         1.274E-02
 2510          3.789         3.779         3.786         3.713         3.789         3.781         32.1          1             0             0             0             0             0            3.773         1.208E-02
 2520          3.789         3.782         3.789         3.713         3.792         3.781         32.1          0             0             0             0             1             0            3.774         1.239E-02
 2530          3.791         3.782         3.789         3.713         3.792         3.784         32.1          0             0             0             0             1             0            3.775         1.254E-02
 2540          3.791         3.782         3.795         3.713         3.794         3.784         32.1          0             0             1             0             0             0            3.777         1.288E-02
 2550          3.794         3.787         3.795         3.719         3.797         3.786         32.1          0             0             0             0             1             0            3.780         1.227E-02
 2560          3.797         3.787         3.795         3.716         3.795         3.784         32.2          1             0             0             0             0             0            3.779         1.277E-02
 2570          3.794         3.788         3.795         3.716         3.798         3.787         32.3          0             0             0             0             1             0            3.780         1.285E-02
 2580          3.8           3.788         3.798         3.719         3.798         3.787         32.3          1             0             0             0             0             0            3.782         1.273E-02
 2590          3.797         3.793         3.8           3.721         3.803         3.789         32.3          0             0             0             0             1             0            3.784         1.273E-02
 2600          3.8           3.793         3.8           3.721         3.803         3.792         32.3          0             0             0             0             1             0            3.785         1.289E-02
 2610          3.802         3.793         3.803         3.721         3.803         3.792         32.3          0             0             1             0             0             0            3.786         1.309E-02
 2620          3.8           3.796         3.801         3.724         3.806         3.792         32.4          0             0             0             0             1             0            3.787         1.265E-02
 2630          3.805         3.796         3.806         3.724         3.806         3.795         32.4          0             0             1             0             0             0            3.789         1.309E-02
 2640          3.805         3.799         3.806         3.724         3.809         3.795         32.5          0             0             0             0             1             0            3.790         1.330E-02
 2650          3.808         3.802         3.809         3.724         3.809         3.792         32.5          0             0             1             0             0             0            3.791         1.360E-02
 2660          3.806         3.8           3.806         3.727         3.807         3.792         32.5          0             0             0             0             1             0            3.790         1.275E-02
 2670          3.808         3.805         3.812         3.727         3.807         3.795         32.5          0             0             1             0             0             0            3.792         1.327E-02
 2680          3.808         3.802         3.809         3.724         3.81          3.795         32.5          0             0             0             0             1             0            3.791         1.366E-02
 2690          3.811         3.805         3.812         3.727         3.81          3.795         32.5          0             0             1             0             0             0            3.793         1.351E-02
 2700          3.814         3.808         3.815         3.727         3.813         3.795         32.6          0             0             1             0             0             0            3.795         1.400E-02
 2710          3.814         3.811         3.818         3.73          3.816         3.798         32.6          0             0             1             0             0             0            3.798         1.387E-02
 2720          3.817         3.811         3.818         3.73          3.816         3.798         32.6          0             0             1             0             0             0            3.798         1.400E-02
 2730          3.817         3.814         3.821         3.73          3.816         3.8           32.6          0             0             1             0             0             0            3.800         1.424E-02
 2740          3.82          3.817         3.821         3.73          3.816         3.8           32.6          0             0             1             0             0             0            3.801         1.447E-02
 2750          3.822         3.817         3.824         3.732         3.819         3.8           32.7          0             0             1             0             0             0            3.802         1.449E-02
 2760          3.822         3.82          3.826         3.732         3.819         3.803         32.6          0             0             1             0             0             0            3.804         1.469E-02
 2770          3.825         3.82          3.826         3.732         3.819         3.803         32.7          0             0             1             0             0             0            3.804         1.482E-02
 2780          3.828         3.823         3.826         3.732         3.822         3.803         32.7          1             0             0             0             0             0            3.806         1.518E-02
 2790          3.828         3.823         3.829         3.732         3.822         3.803         32.7          0             0             1             0             0             0            3.806         1.532E-02
 2800          3.828         3.826         3.829         3.735         3.822         3.806         32.8          0             0             1             0             0             0            3.808         1.494E-02
 2810          3.831         3.826         3.829         3.735         3.822         3.806         32.8          1             0             0             0             0             0            3.808         1.508E-02
 2820          3.831         3.829         3.832         3.735         3.825         3.809         32.9          0             0             1             0             0             0            3.810         1.542E-02
 2830          3.834         3.829         3.832         3.732         3.825         3.809         32.9          1             0             0             0             0             0            3.810         1.605E-02
 2840          3.834         3.829         3.832         3.735         3.825         3.809         32.9          1             0             0             0             0             0            3.811         1.557E-02
 2850          3.839         3.832         3.835         3.735         3.825         3.809         32.9          1             0             0             0             0             0            3.813         1.609E-02
 2860          3.837         3.832         3.835         3.735         3.828         3.812         33            1             0             0             0             0             0            3.813         1.605E-02
 2870          3.84          3.832         3.835         3.738         3.828         3.812         33            1             0             0             0             0             0            3.814         1.572E-02
 2880          3.842         3.835         3.838         3.74          3.831         3.812         33            1             0             0             0             0             0            3.816         1.585E-02
 2890          3.845         3.838         3.841         3.738         3.833         3.817         33            1             0             0             0             0             0            3.819         1.661E-02
 2900          3.842         3.835         3.841         3.74          3.836         3.817         33            1             0             0             0             0             0            3.819         1.613E-02
 2910          3.845         3.84          3.841         3.743         3.836         3.82          33            1             0             0             0             0             0            3.821         1.597E-02
 2920          3.848         3.838         3.844         3.746         3.839         3.82          33.1          1             0             0             0             0             0            3.823         1.579E-02
 2930          3.851         3.841         3.844         3.746         3.839         3.823         33.1          1             0             0             0             0             0            3.824         1.605E-02
 2940          3.851         3.841         3.849         3.751         3.845         3.825         33.1          1             0             0             0             0             0            3.827         1.566E-02
 2950          3.853         3.846         3.849         3.751         3.848         3.828         33.1          1             0             0             0             0             0            3.829         1.603E-02
 2960          3.853         3.846         3.849         3.754         3.848         3.831         33.1          1             0             0             0             0             0            3.830         1.554E-02
 2970          3.853         3.846         3.852         3.754         3.851         3.831         33.2          1             0             0             0             0             0            3.831         1.579E-02
 2980          3.856         3.846         3.852         3.756         3.851         3.831         33.2          1             0             0             0             0             0            3.832         1.561E-02
 2990          3.856         3.849         3.855         3.756         3.854         3.831         33.2          1             0             0             0             0             0            3.834         1.596E-02
 3000          3.859         3.852         3.855         3.762         3.857         3.836         33.2          1             0             0             0             0             0            3.837         1.534E-02
 3010          3.861         3.855         3.86          3.762         3.86          3.839         33.3          1             0             0             0             0             0            3.840         1.586E-02
 3020          3.861         3.855         3.86          3.764         3.863         3.839         33.3          0             0             0             0             1             0            3.840         1.568E-02
 3030          3.864         3.855         3.86          3.764         3.863         3.839         33.3          1             0             0             0             0             0            3.841         1.581E-02
 3040          3.864         3.858         3.863         3.767         3.865         3.842         33.3          0             0             0             0             1             0            3.843         1.563E-02
 3050          3.864         3.858         3.866         3.77          3.868         3.844         33.3          0             0             0             0             1             0            3.845         1.541E-02
 3060          3.867         3.861         3.866         3.77          3.868         3.844         33.3          0             0             0             0             1             0            3.846         1.563E-02
 3070          3.867         3.864         3.869         3.772         3.871         3.847         33.3          0             0             0             0             1             0            3.848         1.567E-02
 3080          3.872         3.864         3.874         3.778         3.877         3.85          33.4          0             0             0             0             1             0            3.853         1.542E-02
 3090          3.872         3.869         3.874         3.778         3.877         3.853         33.4          0             0             0             0             1             0            3.854         1.555E-02
 3100          3.875         3.869         3.877         3.78          3.88          3.853         33.5          0             0             0             0             1             0            3.856         1.563E-02
 3110          3.875         3.872         3.88          3.78          3.88          3.853         33.5          0             0             1             0             0             0            3.857         1.587E-02
 3120          3.878         3.872         3.88          3.783         3.883         3.855         33.5          0             0             0             0             1             0            3.859         1.564E-02
 3130          3.878         3.875         3.883         3.783         3.886         3.858         33.5          0             0             0             0             1             0            3.861         1.601E-02
 3140          3.881         3.878         3.885         3.786         3.886         3.858         33.5          0             0             0             0             1             0            3.862         1.583E-02
 3150          3.881         3.881         3.885         3.786         3.886         3.861         33.5          0             0             0             0             1             0            3.863         1.591E-02
 3160          3.881         3.878         3.886         3.786         3.886         3.858         33.5          0             0             1             0             0             0            3.863         1.587E-02
 3170          3.884         3.881         3.886         3.786         3.889         3.861         33.6          0             0             0             0             1             0            3.865         1.622E-02
 3180          3.887         3.884         3.889         3.788         3.889         3.861         33.6          0             0             1             0             0             0            3.866         1.626E-02
 3190          3.89          3.884         3.891         3.788         3.889         3.864         33.6          0             0             1             0             0             0            3.868         1.646E-02
 3200          3.89          3.887         3.891         3.788         3.892         3.864         33.6          0             0             0             0             1             0            3.869         1.670E-02
 3210          3.892         3.89          3.894         3.791         3.892         3.867         33.6          0             0             1             0             0             0            3.871         1.652E-02
 3220          3.895         3.893         3.897         3.791         3.895         3.867         33.7          0             0             1             0             0             0            3.873         1.703E-02
 3230          3.895         3.893         3.9           3.794         3.895         3.869         33.7          0             0             1             0             0             0            3.874         1.668E-02
 3240          3.895         3.893         3.9           3.794         3.893         3.869         33.7          0             0             1             0             0             0            3.874         1.660E-02
 3250          3.898         3.896         3.9           3.791         3.896         3.869         33.7          0             0             1             0             0             0            3.875         1.744E-02
 3260          3.901         3.899         3.903         3.794         3.896         3.87          33.7          0             0             1             0             0             0            3.877         1.735E-02
 3270          3.904         3.902         3.903         3.797         3.896         3.87          33.8          1             0             0             0             0             0            3.879         1.715E-02
 3280          3.904         3.902         3.906         3.797         3.896         3.87          33.8          0             0             1             0             0             0            3.879         1.730E-02
 3290          3.907         3.905         3.906         3.797         3.899         3.872         33.8          1             0             0             0             0             0            3.881         1.764E-02
 3300          3.91          3.905         3.909         3.794         3.899         3.872         33.8          1             0             0             0             0             0            3.882         1.842E-02
 3310          3.91          3.905         3.909         3.797         3.899         3.873         33.8          1             0             0             0             0             0            3.882         1.792E-02
 3320          3.91          3.908         3.909         3.797         3.899         3.873         33.8          1             0             0             0             0             0            3.883         1.806E-02
 3330          3.913         3.908         3.909         3.799         3.902         3.875         33.9          1             0             0             0             0             0            3.884         1.795E-02
 3340          3.915         3.911         3.912         3.799         3.902         3.878         33.9          1             0             0             0             0             0            3.886         1.829E-02
 3350          3.918         3.911         3.912         3.802         3.905         3.878         33.9          1             0             0             0             0             0            3.888         1.806E-02
 3360          3.918         3.911         3.912         3.802         3.905         3.881         33.9          1             0             0             0             0             0            3.888         1.802E-02
 3370          3.918         3.914         3.912         3.805         3.908         3.884         33.9          1             0             0             0             0             0            3.890         1.773E-02
 3380          3.924         3.917         3.915         3.808         3.911         3.884         34            1             0             0             0             0             0            3.893         1.794E-02
 3390          3.924         3.914         3.915         3.81          3.911         3.886         34            1             0             0             0             0             0            3.893         1.746E-02
 3400          3.926         3.92          3.92          3.813         3.917         3.889         34            1             0             0             0             0             0            3.898         1.772E-02
 3410          3.926         3.92          3.92          3.813         3.917         3.892         34            1             0             0             0             0             0            3.898         1.768E-02
 3420          3.926         3.92          3.92          3.815         3.92          3.892         34            1             0             0             0             0             0            3.899         1.747E-02
 3430          3.929         3.92          3.926         3.818         3.92          3.897         34            1             0             0             0             0             0            3.902         1.735E-02
 3440          3.932         3.925         3.926         3.821         3.925         3.9           34            1             0             0             0             0             0            3.905         1.737E-02
 3450          3.932         3.925         3.929         3.823         3.928         3.9           34.1          1             0             0             0             0             0            3.906         1.730E-02
 3460          3.932         3.925         3.929         3.826         3.928         3.903         34.1          1             0             0             0             0             0            3.907         1.678E-02
 3470          3.935         3.928         3.931         3.826         3.931         3.905         34.1          1             0             0             0             0             0            3.909         1.723E-02
 3480          3.937         3.931         3.931         3.829         3.934         3.911         34.1          1             0             0             0             0             0            3.912         1.705E-02
 3490          3.937         3.931         3.937         3.834         3.937         3.911         34.1          1             0             0             0             0             0            3.915         1.662E-02
 3500          3.94          3.934         3.937         3.834         3.94          3.914         34.1          1             0             0             0             0             0            3.917         1.697E-02
 3510          3.94          3.934         3.94          3.837         3.943         3.914         34.1          0             0             0             0             1             0            3.918         1.676E-02
 3520          3.943         3.937         3.94          3.839         3.943         3.916         34.1          1             0             0             0             0             0            3.920         1.666E-02
 3530          3.943         3.937         3.943         3.839         3.946         3.919         34.2          0             0             0             0             1             0            3.921         1.691E-02
 3540          3.946         3.94          3.943         3.842         3.946         3.922         34.2          1             0             0             0             0             0            3.923         1.664E-02
 3550          3.946         3.94          3.945         3.845         3.949         3.922         34.2          0             0             0             0             1             0            3.925         1.638E-02
 3560          3.948         3.94          3.945         3.847         3.952         3.925         34.2          0             0             0             0             1             0            3.926         1.629E-02
 3570          3.948         3.943         3.948         3.847         3.957         3.927         34.2          0             0             0             0             1             0            3.928         1.676E-02
 3580          3.951         3.945         3.948         3.85          3.955         3.93          34.2          0             0             0             0             1             0            3.930         1.635E-02
 3590          3.951         3.945         3.951         3.853         3.958         3.933         34.2          0             0             0             0             1             0            3.932         1.613E-02
 3600          3.954         3.948         3.954         3.853         3.961         3.933         34.3          0             0             0             0             1             0            3.934         1.662E-02
