t[s]          Uc1[V]        Uc2           Uc3           Uc4           Uc5           Uc6

 1             2.39          2.28          2.2           2.3           2.31          2.37 
 2             2.39          2.28          2.2           2.29          2.32          2.37 
 3             2.39          2.28          2.2           2.3           2.31          2.37 
 4             2.39          2.28          2.2           2.29          2.32          2.37 
 5             2.39          2.28          2.2           2.29          2.32          2.36 
 6             2.39          2.28          2.2           2.29          2.32          2.37 
 7             2.39          2.28          2.2           2.29          2.32          2.37 
 8             2.39          2.28          2.2           2.29          2.32          2.37 
 9             2.39          2.28          2.2           2.29          2.32          2.37 
 10            2.39          2.28          2.2           2.29          2.32          2.36 
 11            2.39          2.28          2.2           2.29          2.32          2.37 
 12            2.39          2.28          2.2           2.29          2.32          2.37 
 13            2.39          2.28          2.2           2.29          2.32          2.37 
 14            2.39          2.28          2.2           2.3           2.31          2.37 
 15            2.39          2.29          2.21          2.29          2.33          2.38 
 16            2.39          2.29          2.21          2.3           2.32          2.38 
 17            2.39          2.29          2.21          2.29          2.33          2.38 
 18            2.39          2.29          2.21          2.3           2.32          2.38 
 19            2.39          2.29          2.21          2.3           2.33          2.37 
 20            2.39          2.29          2.21          2.3           2.33          2.38 
 21            2.39          2.29          2.21          2.3           2.33          2.38 
 22            2.39          2.29          2.21          2.31          2.33          2.37 
 23            2.39          2.29          2.21          2.31          2.33          2.38 
 24            2.39          2.29          2.22          2.3           2.33          2.38 
 25            2.39          2.29          2.22          2.3           2.33          2.38 
 26            2.39          2.3           2.21          2.3           2.33          2.38 
 27            2.39          2.3           2.21          2.3           2.34          2.38 
 28            2.39          2.3           2.21          2.31          2.34          2.38 
 29            2.4           2.29          2.22          2.3           2.34          2.39 
 30            2.4           2.29          2.22          2.31          2.34          2.39 
 31            2.4           2.29          2.22          2.31          2.34          2.39 
 32            2.4           2.3           2.22          2.31          2.34          2.39 
 33            2.4           2.3           2.22          2.31          2.34          2.4 
 34            2.4           2.3           2.22          2.31          2.35          2.39 
 35            2.4           2.3           2.23          2.31          2.35          2.39 
 36            2.4           2.3           2.23          2.31          2.35          2.4 
 37            2.4           2.3           2.23          2.31          2.35          2.4 
 38            2.4           2.31          2.22          2.32          2.35          2.39 
 39            2.4           2.31          2.22          2.32          2.35          2.4 
 40            2.4           2.31          2.22          2.32          2.35          2.4 
 41            2.4           2.31          2.23          2.31          2.36          2.4 
 42            2.4           2.31          2.23          2.32          2.35          2.4 
 43            2.4           2.31          2.23          2.32          2.36          2.4 
 44            2.41          2.3           2.23          2.32          2.36          2.41 
 45            2.41          2.31          2.23          2.32          2.36          2.41 
 46            2.41          2.31          2.23          2.32          2.36          2.4 
 47            2.41          2.31          2.23          2.33          2.35          2.41 
 48            2.41          2.31          2.23          2.33          2.35          2.41 
 49            2.41          2.31          2.24          2.32          2.36          2.41 
 50            2.41          2.31          2.24          2.32          2.36          2.41 
 51            2.41          2.32          2.23          2.33          2.36          2.41 
 52            2.41          2.32          2.23          2.33          2.36          2.41 
 53            2.41          2.32          2.24          2.32          2.37          2.41 
 54            2.41          2.32          2.24          2.32          2.37          2.42 
 55            2.41          2.32          2.24          2.33          2.36          2.42 
 56            2.42          2.31          2.24          2.33          2.37          2.41 
 57            2.41          2.32          2.24          2.34          2.36          2.41 
 58            2.42          2.32          2.24          2.32          2.37          2.42 
 59            2.42          2.32          2.24          2.33          2.37          2.42 
 60            2.42          2.32          2.24          2.33          2.37          2.42 
 61            2.42          2.32          2.24          2.34          2.37          2.41 
 62            2.42          2.32          2.25          2.33          2.37          2.42 
 63            2.42          2.32          2.25          2.33          2.37          2.43 
 64            2.42          2.32          2.25          2.34          2.37          2.42 
 65            2.42          2.32          2.25          2.34          2.37          2.42 
 66            2.42          2.33          2.24          2.34          2.37          2.43 
 67            2.42          2.33          2.25          2.33          2.38          2.42 
 68            2.42          2.33          2.25          2.34          2.37          2.43 
 69            2.42          2.33          2.25          2.34          2.37          2.43 
 70            2.42          2.33          2.25          2.34          2.38          2.43 
 71            2.43          2.32          2.25          2.34          2.38          2.43 
 72            2.43          2.33          2.25          2.34          2.38          2.43 
 73            2.42          2.34          2.25          2.34          2.38          2.43 
 74            2.43          2.33          2.25          2.35          2.37          2.43 
 75            2.43          2.33          2.25          2.35          2.37          2.44 
 76            2.43          2.33          2.26          2.34          2.38          2.44 
 77            2.43          2.33          2.26          2.34          2.39          2.43 
 78            2.43          2.34          2.25          2.35          2.38          2.43 
 79            2.43          2.34          2.25          2.35          2.38          2.44 
 80            2.43          2.34          2.26          2.34          2.39          2.43 
 81            2.43          2.34          2.26          2.35          2.38          2.44 
 82            2.43          2.34          2.26          2.35          2.38          2.44 
 83            2.43          2.34          2.26          2.35          2.39          2.44 
 84            2.43          2.34          2.27          2.35          2.38          2.44 
 85            2.43          2.34          2.27          2.35          2.39          2.43 
 86            2.44          2.34          2.26          2.35          2.39          2.44 
 87            2.43          2.35          2.26          2.35          2.4           2.43 
 88            2.44          2.34          2.26          2.36          2.39          2.44 
 89            2.44          2.34          2.27          2.35          2.39          2.44 
 90            2.44          2.34          2.27          2.35          2.4           2.44 
 91            2.44          2.34          2.27          2.36          2.39          2.44 
 92            2.44          2.34          2.27          2.36          2.39          2.45 
 93            2.44          2.35          2.26          2.36          2.4           2.44 
 94            2.44          2.35          2.27          2.36          2.39          2.45 
 95            2.44          2.35          2.27          2.36          2.4           2.44 
 96            2.44          2.35          2.27          2.36          2.4           2.45 
 97            2.44          2.35          2.27          2.36          2.41          2.44 
 98            2.44          2.35          2.27          2.36          2.41          2.44 
 99            2.44          2.35          2.28          2.36          2.4           2.45 
 100           2.44          2.36          2.27          2.36          2.41          2.44 
 101           2.44          2.36          2.27          2.36          2.41          2.45 
 102           2.45          2.35          2.27          2.37          2.4           2.45 
 103           2.45          2.35          2.27          2.37          2.41          2.44 
 104           2.45          2.35          2.28          2.36          2.41          2.45 
 105           2.45          2.35          2.28          2.37          2.4           2.45 
 106           2.45          2.35          2.28          2.37          2.41          2.45 
 107           2.45          2.36          2.27          2.37          2.41          2.45 
 108           2.45          2.36          2.27          2.37          2.41          2.46 
 109           2.45          2.36          2.28          2.37          2.41          2.45 
 110           2.45          2.36          2.28          2.37          2.41          2.46 
 111           2.45          2.36          2.28          2.38          2.41          2.45 
 112           2.45          2.36          2.28          2.38          2.41          2.45 
 113           2.45          2.37          2.27          2.38          2.41          2.46 
 114           2.45          2.37          2.27          2.38          2.42          2.45 
 115           2.46          2.36          2.28          2.38          2.41          2.46 
 116           2.45          2.37          2.28          2.38          2.41          2.46 
 117           2.46          2.36          2.28          2.38          2.42          2.46 
 118           2.46          2.36          2.29          2.37          2.42          2.46 
 119           2.46          2.36          2.29          2.38          2.41          2.47 
 120           2.46          2.37          2.28          2.38          2.42          2.46 
 121           2.46          2.37          2.28          2.38          2.42          2.47 
 122           2.46          2.37          2.28          2.39          2.42          2.46 
 123           2.46          2.37          2.29          2.38          2.42          2.47 
 124           2.46          2.37          2.29          2.38          2.43          2.46 
 125           2.46          2.37          2.29          2.38          2.43          2.46 
 126           2.46          2.37          2.29          2.39          2.42          2.47 
 127           2.46          2.38          2.28          2.39          2.43          2.46 
 128           2.46          2.38          2.29          2.38          2.43          2.46 
 129           2.46          2.38          2.29          2.39          2.42          2.47 
 130           2.46          2.38          2.29          2.39          2.43          2.47 
 131           2.47          2.37          2.29          2.39          2.43          2.47 
 132           2.47          2.37          2.29          2.4           2.42          2.48 
 133           2.47          2.37          2.3           2.39          2.43          2.47 
 134           2.47          2.38          2.29          2.39          2.43          2.47 
 135           2.47          2.37          2.3           2.4           2.42          2.48 
 136           2.47          2.38          2.29          2.4           2.43          2.47 
 137           2.47          2.38          2.3           2.39          2.43          2.48 
 138           2.47          2.38          2.3           2.39          2.43          2.48 
 139           2.47          2.38          2.3           2.39          2.44          2.47 
 140           2.47          2.38          2.3           2.4           2.43          2.48 
 141           2.47          2.38          2.3           2.4           2.44          2.47 
 142           2.47          2.39          2.3           2.39          2.44          2.48 
 143           2.47          2.39          2.3           2.4           2.43          2.48 
 144           2.47          2.39          2.3           2.4           2.44          2.48 
 145           2.48          2.38          2.3           2.4           2.44          2.48 
 146           2.47          2.39          2.31          2.4           2.43          2.49 
 147           2.48          2.38          2.31          2.4           2.44          2.48 
 148           2.48          2.38          2.31          2.4           2.44          2.48 
 149           2.48          2.39          2.3           2.41          2.44          2.48 
 150           2.48          2.39          2.31          2.4           2.44          2.48 
 151           2.48          2.39          2.31          2.4           2.44          2.49 
 152           2.48          2.39          2.31          2.4           2.45          2.48 
 153           2.48          2.39          2.31          2.41          2.44          2.49 
 154           2.48          2.39          2.31          2.41          2.44          2.49 
 155           2.48          2.39          2.32          2.4           2.45          2.48 
 156           2.48          2.4           2.31          2.41          2.44          2.49 
 157           2.48          2.4           2.31          2.41          2.45          2.48 
 158           2.48          2.4           2.31          2.41          2.45          2.49 
 159           2.48          2.4           2.31          2.41          2.45          2.49 
 160           2.48          2.4           2.32          2.41          2.45          2.49 
 161           2.49          2.39          2.32          2.41          2.45          2.49 
 162           2.49          2.39          2.32          2.41          2.45          2.49 
 163           2.49          2.4           2.31          2.41          2.46          2.49 
 164           2.49          2.39          2.32          2.42          2.45          2.49 
 165           2.49          2.4           2.32          2.41          2.45          2.5 
 166           2.49          2.4           2.32          2.41          2.46          2.49 
 167           2.49          2.4           2.32          2.42          2.45          2.5 
 168           2.49          2.4           2.32          2.42          2.46          2.49 
 169           2.49          2.4           2.33          2.41          2.46          2.49 
 170           2.49          2.4           2.33          2.41          2.46          2.5 
 171           2.49          2.4           2.33          2.42          2.45          2.51 
 172           2.49          2.41          2.32          2.42          2.46          2.5 
 173           2.49          2.41          2.33          2.41          2.46          2.5 
 174           2.49          2.41          2.33          2.41          2.47          2.5 
 175           2.5           2.4           2.33          2.42          2.46          2.5 
 176           2.5           2.4           2.33          2.42          2.47          2.5 
 177           2.5           2.4           2.33          2.42          2.47          2.5 
 178           2.5           2.4           2.34          2.42          2.46          2.51 
 179           2.5           2.41          2.33          2.42          2.46          2.51 
 180           2.5           2.41          2.33          2.42          2.47          2.51 
 181           2.5           2.41          2.33          2.42          2.47          2.51 
 182           2.5           2.41          2.33          2.43          2.47          2.5 
 183           2.5           2.41          2.34          2.42          2.47          2.51 
 184           2.5           2.41          2.34          2.42          2.47          2.51 
 185           2.5           2.41          2.34          2.42          2.48          2.51 
 186           2.5           2.41          2.34          2.43          2.47          2.51 
 187           2.5           2.42          2.34          2.42          2.48          2.5 
 188           2.5           2.42          2.34          2.43          2.47          2.51 
 189           2.5           2.42          2.34          2.42          2.48          2.52 
 190           2.5           2.42          2.34          2.43          2.47          2.52 
 191           2.5           2.42          2.34          2.43          2.48          2.51 
 192           2.51          2.41          2.35          2.43          2.47          2.52 
 193           2.51          2.42          2.34          2.43          2.48          2.51 
 194           2.51          2.42          2.34          2.43          2.48          2.52 
 195           2.51          2.42          2.34          2.43          2.48          2.52 
 196           2.51          2.42          2.35          2.43          2.48          2.52 
 197           2.51          2.42          2.35          2.43          2.48          2.52 
 198           2.51          2.42          2.35          2.43          2.48          2.52 
 199           2.51          2.42          2.35          2.43          2.49          2.52 
 200           2.51          2.42          2.36          2.43          2.48          2.52 
 201           2.51          2.43          2.35          2.43          2.48          2.53 
 202           2.51          2.43          2.35          2.43          2.48          2.53 
 203           2.51          2.43          2.35          2.44          2.48          2.52 
 204           2.51          2.43          2.35          2.44          2.48          2.53 
 205           2.52          2.42          2.36          2.43          2.49          2.52 
 206           2.51          2.43          2.36          2.44          2.48          2.53 
 207           2.52          2.43          2.35          2.44          2.48          2.53 
 208           2.52          2.43          2.35          2.44          2.48          2.54 
 209           2.52          2.43          2.36          2.43          2.49          2.53 
 210           2.52          2.43          2.36          2.44          2.48          2.53 
 211           2.52          2.43          2.36          2.44          2.49          2.53 
 212           2.52          2.43          2.36          2.44          2.49          2.53 
 213           2.52          2.43          2.37          2.44          2.48          2.54 
 214           2.52          2.43          2.37          2.44          2.49          2.53 
 215           2.52          2.43          2.37          2.44          2.49          2.53 
 216           2.52          2.44          2.36          2.44          2.49          2.54 
 217           2.52          2.44          2.36          2.45          2.49          2.53 
 218           2.52          2.44          2.37          2.44          2.49          2.54 
 219           2.52          2.44          2.37          2.44          2.49          2.54 
 220           2.52          2.44          2.37          2.45          2.49          2.54 
 221           2.53          2.43          2.38          2.44          2.49          2.54 
 222           2.53          2.43          2.38          2.44          2.49          2.54 
 223           2.53          2.44          2.37          2.44          2.5           2.53 
 224           2.53          2.44          2.37          2.45          2.49          2.54 
 225           2.53          2.44          2.38          2.44          2.5           2.54 
 226           2.53          2.44          2.38          2.44          2.5           2.54 
 227           2.53          2.44          2.38          2.45          2.5           2.54 
 228           2.53          2.44          2.38          2.45          2.5           2.54 
 229           2.53          2.44          2.38          2.45          2.5           2.55 
 230           2.53          2.45          2.37          2.45          2.51          2.54 
 231           2.53          2.45          2.38          2.45          2.5           2.54 
 232           2.53          2.45          2.38          2.45          2.5           2.55 
 233           2.53          2.45          2.38          2.45          2.5           2.55 
 234           2.53          2.45          2.39          2.44          2.51          2.55 
 235           2.53          2.45          2.39          2.45          2.5           2.55 
 236           2.54          2.44          2.39          2.45          2.51          2.54 
 237           2.53          2.46          2.38          2.45          2.51          2.55 
 238           2.54          2.45          2.39          2.45          2.5           2.55 
 239           2.54          2.45          2.39          2.45          2.51          2.55 
 240           2.54          2.45          2.39          2.45          2.51          2.55 
 241           2.54          2.45          2.39          2.45          2.51          2.56 
 242           2.54          2.45          2.39          2.46          2.51          2.55 
 243           2.54          2.45          2.39          2.46          2.51          2.55 
 244           2.54          2.45          2.4           2.45          2.51          2.56 
 245           2.54          2.46          2.39          2.46          2.51          2.55 
 246           2.54          2.46          2.39          2.46          2.51          2.56 
 247           2.54          2.46          2.39          2.46          2.52          2.55 
 248           2.54          2.46          2.4           2.46          2.51          2.56 
 249           2.54          2.46          2.4           2.46          2.51          2.56 
 250           2.54          2.46          2.4           2.46          2.52          2.56 
 251           2.55          2.46          2.39          2.46          2.52          2.56 
 252           2.55          2.46          2.39          2.46          2.52          2.56 
 253           2.55          2.46          2.39          2.47          2.52          2.56 
 254           2.55          2.46          2.4           2.46          2.52          2.56 
 255           2.55          2.46          2.4           2.46          2.52          2.56 
 256           2.55          2.46          2.4           2.47          2.52          2.56 
 257           2.55          2.46          2.41          2.46          2.52          2.57 
 258           2.55          2.46          2.41          2.46          2.52          2.57 
 259           2.55          2.47          2.4           2.47          2.52          2.56 
 260           2.55          2.47          2.4           2.47          2.52          2.56 
 261           2.55          2.47          2.4           2.47          2.53          2.56 
 262           2.55          2.47          2.4           2.47          2.53          2.56 
 263           2.55          2.47          2.41          2.47          2.52          2.57 
 264           2.55          2.47          2.41          2.47          2.53          2.56 
 265           2.55          2.47          2.41          2.47          2.53          2.57 
 266           2.55          2.48          2.4           2.48          2.52          2.57 
 267           2.56          2.47          2.41          2.47          2.53          2.57 
 268           2.56          2.47          2.4           2.48          2.53          2.57 
 269           2.56          2.47          2.41          2.47          2.53          2.57 
 270           2.56          2.47          2.41          2.48          2.53          2.57 
 271           2.56          2.47          2.41          2.48          2.53          2.57 
 272           2.56          2.48          2.4           2.48          2.53          2.58 
 273           2.56          2.47          2.42          2.48          2.53          2.57 
 274           2.56          2.48          2.41          2.48          2.53          2.58 
 275           2.56          2.48          2.41          2.48          2.54          2.57 
 276           2.56          2.48          2.41          2.49          2.53          2.58 
 277           2.56          2.48          2.41          2.49          2.53          2.58 
 278           2.56          2.48          2.42          2.48          2.54          2.58 
 279           2.56          2.48          2.42          2.48          2.54          2.58 
 280           2.56          2.49          2.41          2.48          2.54          2.58 
 281           2.56          2.49          2.41          2.49          2.54          2.58 
 282           2.57          2.48          2.41          2.49          2.54          2.58 
 283           2.57          2.48          2.42          2.48          2.55          2.58 
 284           2.57          2.48          2.42          2.49          2.54          2.58 
 285           2.57          2.48          2.42          2.49          2.54          2.59 
 286           2.57          2.48          2.42          2.49          2.54          2.59 
 287           2.57          2.48          2.43          2.49          2.54          2.58 
 288           2.57          2.49          2.42          2.49          2.54          2.59 
 289           2.57          2.49          2.42          2.49          2.55          2.58 
 290           2.57          2.49          2.42          2.49          2.55          2.59 
 291           2.57          2.49          2.42          2.5           2.54          2.59 
 292           2.57          2.49          2.42          2.5           2.55          2.58 
 293           2.57          2.49          2.43          2.49          2.55          2.59 
 294           2.57          2.49          2.43          2.5           2.55          2.58 
 295           2.57          2.49          2.43          2.5           2.55          2.59 
 296           2.57          2.49          2.43          2.5           2.55          2.59 
 297           2.57          2.5           2.43          2.49          2.56          2.58 
 298           2.58          2.49          2.43          2.5           2.55          2.59 
 299           2.58          2.49          2.43          2.5           2.55          2.59 
 300           2.58          2.49          2.43          2.5           2.56          2.59 
 301           2.58          2.49          2.44          2.49          2.56          2.59 
 302           2.58          2.5           2.43          2.5           2.56          2.58 
 303           2.58          2.5           2.43          2.5           2.56          2.59 
 304           2.58          2.5           2.43          2.5           2.56          2.59 
 305           2.58          2.5           2.43          2.5           2.57          2.59 
 306           2.58          2.5           2.44          2.5           2.56          2.59 
 307           2.58          2.5           2.44          2.5           2.56          2.59 
 308           2.58          2.5           2.44          2.5           2.57          2.59 
 309           2.58          2.5           2.44          2.51          2.56          2.59 
 310           2.58          2.51          2.43          2.51          2.57          2.59 
 311           2.58          2.51          2.44          2.5           2.57          2.59 
 312           2.58          2.51          2.44          2.5           2.57          2.6 
 313           2.59          2.5           2.44          2.51          2.57          2.59 
 314           2.59          2.5           2.44          2.5           2.58          2.6 
 315           2.59          2.5           2.44          2.51          2.58          2.59 
 316           2.59          2.5           2.45          2.51          2.57          2.6 
 317           2.59          2.5           2.45          2.51          2.57          2.6 
 318           2.59          2.5           2.45          2.51          2.57          2.6 
 319           2.59          2.51          2.44          2.51          2.58          2.6 
 320           2.59          2.51          2.44          2.51          2.59          2.59 
 321           2.59          2.51          2.45          2.51          2.58          2.59 
 322           2.59          2.51          2.45          2.51          2.58          2.6 
 323           2.59          2.51          2.45          2.51          2.59          2.59 
 324           2.59          2.51          2.45          2.52          2.58          2.6 
 325           2.59          2.52          2.45          2.51          2.58          2.6 
 326           2.59          2.52          2.45          2.51          2.58          2.6 
 327           2.6           2.51          2.45          2.51          2.59          2.6 
 328           2.59          2.52          2.45          2.52          2.58          2.61 
 329           2.6           2.51          2.45          2.52          2.58          2.61 
 330           2.6           2.51          2.45          2.52          2.59          2.6 
 331           2.6           2.52          2.44          2.53          2.58          2.61 
 332           2.6           2.52          2.45          2.52          2.59          2.6 
 333           2.6           2.52          2.45          2.52          2.59          2.61 
 334           2.6           2.52          2.45          2.52          2.59          2.61 
 335           2.6           2.52          2.46          2.52          2.58          2.61 
 336           2.6           2.52          2.46          2.52          2.59          2.61 
 337           2.6           2.52          2.46          2.52          2.59          2.61 
 338           2.6           2.52          2.46          2.53          2.59          2.61 
 339           2.6           2.52          2.46          2.53          2.59          2.61 
 340           2.6           2.53          2.46          2.52          2.59          2.62 
 341           2.6           2.53          2.46          2.52          2.6           2.61 
 342           2.6           2.53          2.46          2.53          2.59          2.62 
 343           2.6           2.53          2.46          2.53          2.6           2.61 
 344           2.61          2.52          2.46          2.53          2.6           2.61 
 345           2.61          2.52          2.46          2.53          2.6           2.62 
 346           2.61          2.52          2.47          2.53          2.59          2.62 
 347           2.61          2.52          2.47          2.53          2.6           2.61 
 348           2.61          2.53          2.46          2.53          2.6           2.62 
 349           2.61          2.53          2.46          2.54          2.59          2.62 
 350           2.61          2.53          2.47          2.53          2.6           2.62 
 351           2.61          2.53          2.47          2.53          2.6           2.62 
 352           2.61          2.53          2.47          2.54          2.59          2.62 
 353           2.61          2.53          2.47          2.54          2.6           2.62 
 354           2.61          2.53          2.48          2.53          2.6           2.62 
 355           2.61          2.54          2.47          2.53          2.6           2.63 
 356           2.61          2.54          2.47          2.53          2.6           2.63 
 357           2.61          2.54          2.47          2.54          2.6           2.62 
 358           2.61          2.54          2.47          2.54          2.6           2.63 
 359           2.61          2.54          2.48          2.54          2.6           2.62 
 360           2.62          2.53          2.48          2.54          2.6           2.62 
 361           2.62          2.54          2.47          2.54          2.6           2.63 
 362           2.62          2.54          2.47          2.54          2.61          2.62 
 363           2.62          2.54          2.47          2.55          2.6           2.63 
 364           2.62          2.54          2.47          2.55          2.61          2.62 
 365           2.62          2.54          2.48          2.54          2.61          2.63 
 366           2.62          2.54          2.48          2.54          2.61          2.63 
 367           2.62          2.54          2.48          2.55          2.6           2.63 
 368           2.62          2.54          2.48          2.55          2.61          2.63 
 369           2.62          2.54          2.49          2.54          2.61          2.63 
 370           2.62          2.55          2.48          2.54          2.62          2.62 
 371           2.62          2.55          2.48          2.55          2.61          2.63 
 372           2.62          2.55          2.48          2.55          2.61          2.63 
 373           2.62          2.55          2.48          2.55          2.62          2.63 
 374           2.62          2.55          2.49          2.54          2.62          2.63 
 375           2.62          2.55          2.49          2.55          2.61          2.63 
 376           2.62          2.55          2.49          2.55          2.61          2.64 
 377           2.62          2.55          2.49          2.55          2.62          2.63 
 378           2.63          2.55          2.48          2.56          2.61          2.64 
 379           2.63          2.55          2.48          2.56          2.61          2.64 
 380           2.63          2.55          2.49          2.55          2.62          2.64 
 381           2.63          2.55          2.49          2.55          2.62          2.64 
 382           2.63          2.55          2.49          2.56          2.61          2.65 
 383           2.63          2.55          2.49          2.56          2.62          2.64 
 384           2.63          2.55          2.5           2.55          2.62          2.64 
 385           2.63          2.55          2.5           2.56          2.61          2.65 
 386           2.63          2.56          2.49          2.56          2.62          2.64 
 387           2.63          2.56          2.49          2.56          2.62          2.64 
 388           2.63          2.56          2.49          2.56          2.62          2.65 
 389           2.63          2.56          2.49          2.57          2.62          2.64 
 390           2.63          2.56          2.5           2.56          2.62          2.65 
 391           2.63          2.56          2.5           2.56          2.62          2.65 
 392           2.63          2.56          2.5           2.56          2.63          2.64 
 393           2.63          2.57          2.49          2.57          2.62          2.64 
 394           2.64          2.56          2.5           2.56          2.62          2.65 
 395           2.64          2.56          2.5           2.56          2.63          2.65 
 396           2.64          2.56          2.5           2.56          2.63          2.65 
 397           2.64          2.56          2.5           2.57          2.63          2.64 
 398           2.64          2.56          2.5           2.57          2.63          2.65 
 399           2.64          2.56          2.51          2.56          2.63          2.65 
 400           2.64          2.56          2.51          2.56          2.63          2.65 
 401           2.64          2.56          2.51          2.57          2.63          2.65 
 402           2.64          2.57          2.5           2.57          2.63          2.65 
 403           2.64          2.57          2.5           2.57          2.63          2.66 
 404           2.64          2.57          2.5           2.57          2.64          2.65 
 405           2.64          2.57          2.51          2.57          2.63          2.65 
 406           2.64          2.57          2.51          2.57          2.63          2.65 
 407           2.64          2.57          2.51          2.57          2.64          2.65 
 408           2.64          2.58          2.5           2.57          2.64          2.65 
 409           2.64          2.57          2.52          2.56          2.65          2.65 
 410           2.64          2.58          2.51          2.57          2.64          2.65 
 411           2.64          2.58          2.51          2.57          2.64          2.65 
 412           2.65          2.57          2.51          2.57          2.64          2.66 
 413           2.65          2.57          2.51          2.58          2.64          2.65 
 414           2.65          2.57          2.52          2.57          2.64          2.66 
 415           2.65          2.57          2.52          2.57          2.64          2.66 
 416           2.65          2.57          2.52          2.57          2.64          2.66 
 417           2.65          2.58          2.51          2.58          2.64          2.66 
 418           2.65          2.58          2.51          2.58          2.64          2.66 
 419           2.65          2.58          2.51          2.58          2.64          2.66 
 420           2.65          2.58          2.52          2.58          2.64          2.66 
 421           2.65          2.58          2.52          2.58          2.64          2.66 
 422           2.65          2.58          2.52          2.58          2.64          2.67 
 423           2.65          2.58          2.52          2.58          2.65          2.66 
 424           2.65          2.58          2.52          2.58          2.65          2.66 
 425           2.65          2.59          2.51          2.59          2.64          2.67 
 426           2.65          2.59          2.51          2.59          2.64          2.67 
 427           2.65          2.59          2.52          2.58          2.65          2.67 
 428           2.66          2.58          2.52          2.58          2.65          2.67 
 429           2.65          2.59          2.52          2.59          2.64          2.67 
 430           2.66          2.58          2.53          2.58          2.65          2.66 
 431           2.66          2.58          2.53          2.58          2.65          2.67 
 432           2.65          2.59          2.53          2.59          2.64          2.67 
 433           2.66          2.58          2.53          2.59          2.65          2.67 
 434           2.66          2.59          2.52          2.59          2.65          2.67 
 435           2.66          2.59          2.52          2.59          2.65          2.67 
 436           2.66          2.59          2.53          2.59          2.65          2.67 
 437           2.66          2.59          2.53          2.59          2.65          2.67 
 438           2.66          2.59          2.53          2.59          2.65          2.67 
 439           2.66          2.59          2.53          2.59          2.65          2.68 
 440           2.66          2.59          2.53          2.6           2.65          2.67 
 441           2.66          2.59          2.54          2.59          2.65          2.68 
 442           2.66          2.6           2.53          2.59          2.65          2.68 
 443           2.66          2.6           2.53          2.59          2.66          2.67 
 444           2.66          2.6           2.53          2.6           2.65          2.68 
 445           2.66          2.6           2.53          2.6           2.65          2.68 
 446           2.66          2.6           2.53          2.6           2.66          2.67 
 447           2.66          2.6           2.54          2.59          2.66          2.68 
 448           2.66          2.6           2.54          2.6           2.65          2.68 
 449           2.67          2.59          2.54          2.6           2.66          2.68 
 450           2.67          2.6           2.53          2.6           2.66          2.68 
 451           2.67          2.59          2.54          2.6           2.66          2.68 
 452           2.67          2.6           2.53          2.6           2.67          2.68 
 453           2.67          2.6           2.54          2.6           2.66          2.68 
 454           2.67          2.6           2.54          2.6           2.66          2.68 
 455           2.67          2.6           2.54          2.6           2.66          2.69 
 456           2.67          2.6           2.54          2.6           2.67          2.68 
 457           2.67          2.6           2.55          2.6           2.66          2.68 
 458           2.67          2.6           2.54          2.61          2.66          2.69 
 459           2.67          2.6           2.55          2.6           2.67          2.68 
 460           2.67          2.61          2.54          2.6           2.67          2.69 
 461           2.67          2.61          2.54          2.61          2.66          2.69 
 462           2.67          2.61          2.54          2.61          2.67          2.68 
 463           2.67          2.61          2.55          2.6           2.67          2.69 
 464           2.67          2.61          2.55          2.6           2.67          2.69 
 465           2.67          2.61          2.55          2.61          2.66          2.69 
 466           2.68          2.6           2.55          2.61          2.67          2.69 
 467           2.68          2.6           2.55          2.61          2.67          2.69 
 468           2.68          2.6           2.56          2.6           2.67          2.69 
 469           2.68          2.61          2.55          2.61          2.67          2.69 
 470           2.68          2.61          2.55          2.61          2.67          2.69 
 471           2.68          2.61          2.55          2.61          2.67          2.7 
 472           2.68          2.61          2.55          2.61          2.68          2.69 
 473           2.68          2.61          2.55          2.62          2.67          2.69 
 474           2.68          2.61          2.56          2.61          2.67          2.7 
 475           2.68          2.61          2.56          2.61          2.68          2.69 
 476           2.68          2.61          2.56          2.61          2.68          2.7 
 477           2.68          2.61          2.56          2.62          2.67          2.7 
 478           2.68          2.62          2.55          2.62          2.67          2.7 
 479           2.68          2.62          2.55          2.62          2.68          2.7 
 480           2.68          2.62          2.56          2.61          2.68          2.7 
 481           2.68          2.62          2.56          2.62          2.67          2.7 
 482           2.68          2.62          2.56          2.62          2.68          2.7 
 483           2.68          2.62          2.56          2.62          2.68          2.7 
 484           2.69          2.61          2.56          2.62          2.68          2.7 
 485           2.68          2.62          2.57          2.62          2.67          2.71 
 486           2.69          2.62          2.56          2.62          2.68          2.7 
 487           2.69          2.62          2.56          2.62          2.68          2.71 
 488           2.69          2.62          2.56          2.62          2.68          2.71 
 489           2.69          2.62          2.57          2.62          2.68          2.7 
 490           2.69          2.62          2.57          2.62          2.68          2.71 
 491           2.69          2.62          2.57          2.62          2.68          2.71 
 492           2.69          2.62          2.57          2.62          2.69          2.71 
 493           2.69          2.62          2.57          2.62          2.69          2.71 
 494           2.69          2.62          2.57          2.63          2.68          2.71 
 495           2.69          2.62          2.57          2.63          2.69          2.7 
 496           2.69          2.63          2.57          2.62          2.69          2.71 
 497           2.69          2.63          2.57          2.62          2.69          2.71 
 498           2.69          2.63          2.57          2.63          2.68          2.71 
 499           2.69          2.63          2.57          2.63          2.69          2.71 
 500           2.69          2.63          2.57          2.63          2.69          2.71 
 501           2.69          2.62          2.56          2.62          2.67          2.7 
 502           2.69          2.62          2.56          2.62          2.67          2.7 
 503           2.69          2.62          2.56          2.62          2.67          2.69 
 504           2.69          2.62          2.56          2.62          2.67          2.69 
 505           2.69          2.62          2.56          2.62          2.67          2.69 
 506           2.69          2.62          2.56          2.62          2.67          2.69 
 507           2.69          2.62          2.56          2.62          2.67          2.69 
 508           2.69          2.62          2.56          2.62          2.67          2.69 
 509           2.69          2.62          2.56          2.62          2.67          2.69 
 510           2.69          2.62          2.56          2.62          2.67          2.69 
 511           2.69          2.62          2.56          2.62          2.67          2.69 
 512           2.69          2.62          2.56          2.62          2.67          2.69 
 513           2.69          2.62          2.56          2.61          2.68          2.69 
 514           2.69          2.62          2.56          2.61          2.68          2.69 
 515           2.69          2.62          2.56          2.61          2.68          2.69 
 516           2.69          2.62          2.56          2.61          2.67          2.7 
 517           2.69          2.62          2.56          2.61          2.67          2.7 
 518           2.69          2.62          2.56          2.61          2.67          2.7 
 519           2.69          2.62          2.56          2.61          2.67          2.7 
 520           2.69          2.62          2.56          2.61          2.67          2.69 
 521           2.69          2.62          2.56          2.61          2.67          2.69 
 522           2.69          2.62          2.55          2.62          2.67          2.69 
 523           2.69          2.62          2.56          2.61          2.67          2.69 
 524           2.69          2.61          2.57          2.61          2.67          2.69 
 525           2.69          2.61          2.56          2.62          2.67          2.69 
 526           2.69          2.61          2.56          2.62          2.67          2.69 
 527           2.69          2.62          2.55          2.62          2.67          2.69 
 528           2.69          2.62          2.55          2.62          2.67          2.69 
 529           2.69          2.61          2.56          2.62          2.67          2.69 
 530           2.69          2.61          2.56          2.62          2.67          2.69 
 531           2.69          2.61          2.56          2.62          2.67          2.69 
 532           2.69          2.61          2.56          2.62          2.67          2.69 
 533           2.69          2.62          2.55          2.62          2.67          2.69 
 534           2.69          2.61          2.56          2.62          2.67          2.69 
 535           2.69          2.61          2.56          2.62          2.66          2.7 
 536           2.69          2.61          2.56          2.62          2.67          2.68 
 537           2.69          2.61          2.56          2.61          2.68          2.68 
 538           2.69          2.61          2.56          2.61          2.67          2.69 
 539           2.69          2.61          2.56          2.61          2.67          2.69 
 540           2.69          2.61          2.56          2.61          2.67          2.69 
 541           2.69          2.61          2.56          2.61          2.67          2.69 
 542           2.69          2.61          2.56          2.61          2.67          2.69 
 543           2.68          2.62          2.56          2.61          2.67          2.69 
 544           2.68          2.62          2.56          2.61          2.67          2.69 
 545           2.69          2.61          2.56          2.61          2.67          2.69 
 546           2.69          2.61          2.56          2.61          2.67          2.69 
 547           2.69          2.61          2.56          2.61          2.67          2.69 
 548           2.68          2.62          2.56          2.61          2.67          2.69 
 549           2.69          2.61          2.56          2.61          2.67          2.69 
 550           2.68          2.62          2.56          2.61          2.67          2.69 
 551           2.68          2.62          2.56          2.61          2.67          2.69 
 552           2.68          2.62          2.56          2.61          2.67          2.69 
 553           2.68          2.62          2.56          2.61          2.67          2.69 
 554           2.68          2.62          2.56          2.61          2.67          2.68 
 555           2.68          2.62          2.56          2.61          2.66          2.69 
 556           2.68          2.62          2.55          2.62          2.67          2.68 
 557           2.68          2.62          2.56          2.61          2.67          2.68 
 558           2.68          2.62          2.55          2.62          2.66          2.69 
 559           2.68          2.62          2.55          2.62          2.66          2.69 
 560           2.68          2.62          2.56          2.61          2.66          2.69 
 561           2.68          2.62          2.56          2.61          2.66          2.69 
 562           2.68          2.62          2.55          2.62          2.66          2.69 
 563           2.68          2.62          2.55          2.62          2.66          2.69 
 564           2.68          2.62          2.55          2.61          2.67          2.69 
 565           2.68          2.62          2.55          2.61          2.67          2.69 
 566           2.68          2.62          2.55          2.61          2.67          2.69 
 567           2.68          2.62          2.55          2.61          2.67          2.69 
 568           2.68          2.62          2.55          2.61          2.67          2.69 
 569           2.68          2.62          2.55          2.61          2.67          2.69 
 570           2.68          2.62          2.55          2.61          2.67          2.69 
 571           2.68          2.62          2.55          2.61          2.67          2.69 
 572           2.68          2.62          2.55          2.61          2.67          2.68 
 573           2.68          2.61          2.56          2.61          2.67          2.69 
 574           2.68          2.62          2.55          2.61          2.67          2.68 
 575           2.68          2.61          2.56          2.61          2.67          2.68 
 576           2.68          2.62          2.55          2.61          2.67          2.68 
 577           2.68          2.61          2.56          2.61          2.66          2.69 
 578           2.68          2.62          2.55          2.61          2.67          2.68 
 579           2.68          2.61          2.56          2.61          2.66          2.69 
 580           2.68          2.61          2.56          2.61          2.66          2.69 
 581           2.68          2.61          2.56          2.61          2.66          2.69 
 582           2.68          2.61          2.56          2.61          2.66          2.69 
 583           2.68          2.61          2.56          2.61          2.66          2.69 
 584           2.68          2.61          2.56          2.61          2.66          2.69 
 585           2.68          2.61          2.56          2.61          2.66          2.69 
 586           2.68          2.61          2.56          2.61          2.66          2.69 
 587           2.68          2.61          2.56          2.61          2.66          2.69 
 588           2.68          2.61          2.56          2.61          2.66          2.69 
 589           2.68          2.61          2.56          2.6           2.67          2.68 
 590           2.68          2.61          2.56          2.6           2.67          2.69 
 591           2.68          2.61          2.56          2.6           2.67          2.68 
 592           2.68          2.61          2.56          2.6           2.67          2.68 
 593           2.68          2.61          2.56          2.6           2.67          2.68 
 594           2.68          2.61          2.56          2.6           2.67          2.68 
 595           2.68          2.61          2.56          2.6           2.67          2.68 
 596           2.68          2.61          2.55          2.61          2.67          2.68 
 597           2.68          2.61          2.55          2.61          2.67          2.68 
 598           2.68          2.61          2.55          2.61          2.67          2.68 
 599           2.68          2.61          2.55          2.61          2.67          2.68 
 600           2.68          2.61          2.55          2.61          2.67          2.68 
 601           2.68          2.61          2.55          2.61          2.66          2.69 
 602           2.68          2.61          2.55          2.61          2.67          2.68 
 603           2.68          2.61          2.55          2.61          2.66          2.69 
 604           2.68          2.61          2.55          2.61          2.66          2.69 
 605           2.68          2.61          2.55          2.61          2.66          2.69 
 606           2.68          2.61          2.55          2.61          2.66          2.68 
 607           2.68          2.61          2.55          2.61          2.66          2.69 
 608           2.68          2.61          2.55          2.61          2.66          2.69 
 609           2.68          2.61          2.55          2.61          2.66          2.68 
 610           2.68          2.61          2.55          2.61          2.66          2.68 
 611           2.68          2.61          2.55          2.61          2.66          2.68 
 612           2.68          2.61          2.55          2.61          2.66          2.68 
 613           2.68          2.61          2.55          2.61          2.66          2.68 
 614           2.68          2.61          2.55          2.61          2.66          2.68 
 615           2.68          2.61          2.55          2.61          2.66          2.68 
 616           2.68          2.61          2.55          2.6           2.67          2.68 
 617           2.68          2.61          2.55          2.6           2.67          2.68 
 618           2.68          2.61          2.55          2.6           2.67          2.68 
 619           2.68          2.61          2.55          2.6           2.67          2.68 
 620           2.68          2.61          2.55          2.6           2.67          2.68 
 621           2.68          2.61          2.55          2.6           2.67          2.68 
 622           2.68          2.61          2.54          2.61          2.66          2.69 
 623           2.68          2.61          2.55          2.6           2.67          2.68 
 624           2.68          2.61          2.55          2.6           2.66          2.68 
 625           2.68          2.61          2.55          2.6           2.66          2.69 
 626           2.67          2.62          2.55          2.6           2.66          2.69 
 627           2.68          2.61          2.54          2.61          2.66          2.69 
 628           2.68          2.6           2.56          2.6           2.66          2.69 
 629           2.68          2.6           2.55          2.61          2.66          2.68 
 630           2.68          2.6           2.55          2.61          2.66          2.68 
 631           2.68          2.6           2.55          2.61          2.66          2.68 
 632           2.68          2.6           2.55          2.61          2.66          2.68 
 633           2.68          2.6           2.55          2.61          2.66          2.68 
 634           2.68          2.6           2.55          2.61          2.66          2.68 
 635           2.68          2.6           2.55          2.61          2.66          2.68 
 636           2.67          2.61          2.55          2.61          2.66          2.68 
 637           2.67          2.61          2.55          2.61          2.66          2.68 
 638           2.67          2.61          2.55          2.61          2.66          2.68 
 639           2.68          2.6           2.55          2.61          2.66          2.68 
 640           2.67          2.61          2.55          2.61          2.66          2.68 
 641           2.67          2.61          2.55          2.61          2.66          2.68 
 642           2.67          2.61          2.55          2.61          2.66          2.67 
 643           2.67          2.61          2.55          2.6           2.67          2.68 
 644           2.67          2.61          2.55          2.61          2.65          2.68 
 645           2.67          2.61          2.55          2.6           2.66          2.69 
 646           2.67          2.61          2.55          2.6           2.67          2.67 
 647           2.67          2.61          2.55          2.6           2.66          2.69 
 648           2.67          2.61          2.55          2.6           2.66          2.68 
 649           2.67          2.61          2.55          2.6           2.66          2.68 
 650           2.67          2.61          2.55          2.6           2.66          2.68 
 651           2.67          2.61          2.55          2.6           2.66          2.68 
 652           2.67          2.61          2.55          2.6           2.66          2.68 
 653           2.67          2.61          2.55          2.6           2.66          2.68 
 654           2.67          2.61          2.55          2.6           2.66          2.68 
 655           2.67          2.61          2.55          2.6           2.66          2.68 
 656           2.67          2.61          2.55          2.6           2.66          2.68 
 657           2.67          2.61          2.55          2.6           2.66          2.68 
 658           2.67          2.61          2.55          2.6           2.66          2.68 
 659           2.67          2.61          2.55          2.6           2.66          2.68 
 660           2.67          2.61          2.55          2.6           2.66          2.68 
 661           2.67          2.61          2.55          2.6           2.66          2.68 
 662           2.67          2.61          2.54          2.61          2.66          2.68 
 663           2.67          2.61          2.55          2.6           2.66          2.68 
 664           2.67          2.61          2.54          2.61          2.66          2.68 
 665           2.67          2.61          2.55          2.6           2.66          2.67 
 666           2.67          2.61          2.54          2.61          2.66          2.67 
 667           2.67          2.61          2.54          2.61          2.66          2.67 
 668           2.67          2.61          2.54          2.61          2.66          2.67 
 669           2.67          2.61          2.54          2.6           2.66          2.68 
 670           2.67          2.61          2.54          2.61          2.65          2.68 
 671           2.67          2.61          2.54          2.6           2.66          2.68 
 672           2.67          2.61          2.54          2.61          2.65          2.68 
 673           2.67          2.61          2.54          2.61          2.65          2.68 
 674           2.67          2.61          2.54          2.6           2.66          2.68 
 675           2.67          2.61          2.54          2.6           2.66          2.68 
 676           2.67          2.61          2.54          2.6           2.66          2.68 
 677           2.67          2.61          2.54          2.6           2.66          2.68 
 678           2.67          2.61          2.54          2.6           2.66          2.68 
 679           2.67          2.6           2.55          2.6           2.66          2.68 
 680           2.67          2.6           2.55          2.6           2.66          2.68 
 681           2.67          2.61          2.54          2.6           2.66          2.68 
 682           2.67          2.61          2.54          2.6           2.66          2.67 
 683           2.67          2.6           2.55          2.6           2.66          2.67 
 684           2.67          2.61          2.54          2.6           2.66          2.67 
 685           2.67          2.6           2.55          2.6           2.66          2.67 
 686           2.67          2.61          2.54          2.6           2.66          2.67 
 687           2.67          2.6           2.55          2.6           2.66          2.67 
 688           2.67          2.6           2.55          2.6           2.66          2.67 
 689           2.67          2.6           2.55          2.6           2.66          2.67 
 690           2.67          2.6           2.55          2.6           2.66          2.67 
 691           2.67          2.6           2.55          2.6           2.65          2.68 
 692           2.67          2.6           2.55          2.6           2.66          2.67 
 693           2.67          2.6           2.55          2.6           2.65          2.68 
 694           2.67          2.6           2.55          2.6           2.65          2.68 
 695           2.67          2.6           2.55          2.6           2.65          2.68 
 696           2.67          2.6           2.55          2.6           2.65          2.68 
 697           2.67          2.6           2.55          2.6           2.65          2.68 
 698           2.67          2.6           2.55          2.6           2.65          2.68 
 699           2.67          2.6           2.55          2.6           2.65          2.68 
 700           2.67          2.6           2.55          2.59          2.66          2.68 
 701           2.67          2.6           2.55          2.59          2.66          2.67 
 702           2.67          2.6           2.55          2.59          2.66          2.67 
 703           2.67          2.6           2.54          2.6           2.66          2.67 
 704           2.67          2.6           2.54          2.6           2.66          2.67 
 705           2.67          2.6           2.54          2.6           2.66          2.67 
 706           2.67          2.6           2.54          2.6           2.66          2.67 
 707           2.67          2.6           2.54          2.6           2.66          2.67 
 708           2.67          2.6           2.54          2.6           2.66          2.67 
 709           2.67          2.6           2.54          2.6           2.66          2.67 
 710           2.67          2.6           2.54          2.6           2.66          2.67 
 711           2.67          2.6           2.54          2.6           2.66          2.67 
 712           2.67          2.6           2.54          2.6           2.66          2.67 
 713           2.67          2.6           2.54          2.6           2.66          2.67 
 714           2.67          2.6           2.54          2.6           2.65          2.68 
 715           2.67          2.6           2.54          2.6           2.65          2.68 
 716           2.67          2.6           2.54          2.6           2.65          2.68 
 717           2.67          2.6           2.54          2.6           2.65          2.68 
 718           2.67          2.6           2.54          2.6           2.65          2.68 
 719           2.67          2.6           2.54          2.6           2.65          2.68 
 720           2.67          2.6           2.54          2.6           2.65          2.68 
